4 16 6 ! Header: nswbands, nlwbands, num_aero_spc
WATER_DATA
1.37285 4.36534e-09 ! Band 1
1.35023 1.63592e-09 ! Band 2
1.3332 8.75612e-09 ! Band 3
1.32171 3.02844e-06 ! Band 4
WATER_LW_PART
1.614 0.51449
1.52331 0.355033
1.38769 0.42742
1.2475 0.403522
1.13101 0.31888
1.12067 0.10576
1.20873 0.0466849
1.24284 0.0387915
1.27379 0.0334112
1.29614 0.0320616
1.29688 0.130282
1.29978 0.0105824
1.31171 0.0150092
1.31938 0.00871337
1.33344 0.00469001
1.40004 0.016874
DUST_DATA
1.53 0.005455 ! Band 1
1.53 0.00241477 ! Band 2
1.53 0.00089196 ! Band 3
1.53 0.000758541 ! Band 4
DUST_LW_DATA
2.34 0.5866
2.81738 0.715679
1.66618 0.560684
1.50888 0.247696
1.93973 0.189151
1.82548 0.209203
2.91903 0.658078
1.52182 0.425894
1.25889 0.0962839
1.44723 0.0698406
1.43508 0.0656262
1.47361 0.0139524
1.49505 0.00200069
1.5 0.00144893
1.5 0.00122419
1.51 0.00344
SMOKE_DATA
1.54 0.1008 ! Band 1
1.54 0.0681713 ! Band 2
1.54 0.018 ! Band 3
1.54 0.018 ! Band 4
SMOKE_LW_DATA
1.872 1.5
1.96162 0.770952
2.03045 0.608967
1.43831 0.596634
1.62106 0.173797
1.7197 0.147965
1.90638 0.343681
2.49694 0.990663
1.24057 0.197431
1.42848 0.174554
1.42884 0.0749028
1.4558 0.0417524
1.46728 0.0382572
1.46817 0.030226
1.46508 0.0154079
1.54 0.018
NH4SO4_DATA
1.54 0.1008 ! Band 1
1.54 0.0681713 ! Band 2
1.54 0.018 ! Band 3
1.54 0.018 ! Band 4
NH4SO4_LW_DATA
1.872 1.5
1.96162 0.770952
2.03045 0.608967
1.43831 0.596634
1.62106 0.173797
1.7197 0.147965
1.90638 0.343681
2.49694 0.990663
1.24057 0.197431
1.42848 0.174554
1.42884 0.0749028
1.4558 0.0417524
1.46728 0.0382572
1.46817 0.030226
1.46508 0.0154079
1.54 0.018
NO3_DATA
1.54 0.1008 ! Band 1
1.54 0.0681713 ! Band 2
1.54 0.018 ! Band 3
1.54 0.018 ! Band 4
NO3_LW_DATA
1.872 1.5
1.96162 0.770952
2.03045 0.608967
1.43831 0.596634
1.62106 0.173797
1.7197 0.147965
1.90638 0.343681
2.49694 0.990663
1.24057 0.197431
1.42848 0.174554
1.42884 0.0749028
1.4558 0.0417524
1.46728 0.0382572
1.46817 0.030226
1.46508 0.0154079
1.54 0.018
UNSPC_DATA
1.54 0.1008 ! Band 1
1.54 0.0681713 ! Band 2
1.54 0.018 ! Band 3
1.54 0.018 ! Band 4
UNSPC_LW_DATA
1.872 1.5
1.96162 0.770952
2.03045 0.608967
1.43831 0.596634
1.62106 0.173797
1.7197 0.147965
1.90638 0.343681
2.49694 0.990663
1.24057 0.197431
1.42848 0.174554
1.42884 0.0749028
1.4558 0.0417524
1.46728 0.0382572
1.46817 0.030226
1.46508 0.0154079
1.54 0.018
