0.0
21.40188084
43.46930439
66.67250761
91.2596655
117.3562973
145.0547997
174.4474395
205.6314091
238.7095778
273.7909842
310.9902131
350.4259819
392.2203093
436.4988614
483.391759
533.0341401
585.5664756
641.1347759
699.8906363
761.9910769
827.5982504
896.8791036
970.0050605
1047.151793
1128.49912
1214.230906
1304.534427
1399.598623
1499.611598
1604.758574
1715.220922
1831.175817
1952.795873
2080.248559
2213.695415
2353.291277
2499.183549
2651.511282
2810.403784
2975.978859
3148.340972
3327.579589
3513.767903
3706.962066
3907.200876
4114.505749
4328.880719
4550.312115
4778.767656
5014.195089
5256.521015
5505.650385
5761.46679
6023.833416
6292.594711
6567.578754
6848.600029
7135.462571
7427.964063
7725.901556
8029.078734
8337.313887
8650.447419
8968.348095
9290.918227
9618.098055
9949.868578
10286.25159
10627.3062
10973.12194
11323.8095
11679.4902
12040.28351
12406.29277
12777.59543
13154.24638
13536.29376
13923.79966
14316.86328
14715.65025
15120.42845
15531.60509
15949.76023
16375.67604
16810.3618
17255.07055
17711.31102
18180.8731
18665.8623
19168.69102
19691.99725
20238.54236
20811.15683
21412.7415
22046.28482
22714.86672
23421.65721
24169.93912
24963.16636
25805.01105
26699.32011
27649.99837
28660.9752
29736.35778
30880.68631
32099.18915
33398.0629
34784.70449
36267.51634
37855.11685
39555.26822
